890041066740
890048419783
890042916008
890049575189
890046567508
890049438638
890048113746
890046837616
890047014558
890040716859
890045335996
890042030031
890044063455
890040039027
890044038567
890048777257
890043114359
890041120990
890049135033
890040344401
890042638556
890046075835
890043112097
890045613370
890047598848
890046699811
890048205136
890042135406
890040007240
890048912380
890046665792
890048367501
890046545384
890044963122
890044392243
890049745321
890045542526
890049801738
890048100029
890042244685
890048991566
890047884782
890043152980
890041688800
890049685995
890044611231
890045669709
890049292469
890043637656
890042011001
890045122700
890042456731
890045963791
890048565479
890042061319
890046306219
890045448577
890046026042
890045544215
890044173401
890042814213
890046870232
890042203740
890045691866
890040237022
890046297852
890040213823
890043289699
890040674518
890041391814
890045378143
890047472020
890042048581
890047393591
890049220647
890046065307
890040648153
890047816978
890047307391
890041426897
890046190969
890040281829
890043561772
890043320782
890047261773
890045304471
890048109023
890042068069
890043760703
890040697408
890048173749
890049692648
890043996549
890040367286
890045931448
890046020982
890048378609
890040770844
890043970702
890042620322
890040508620
890049853356
890044494490
890049675241
890041890615
890041988384
890043141852
890049079598
890045725282
890042466452
890042549482
890047826059
890043776332
890049857527
890048181143
890041057647
890043934470
890048823143
890042852911
890042340055
890045693714
890043610056
890041358414
890040072529
890041030844
890047393996
890047857806
890040821104
890049219335
890040607484
890043125841
890043343044
890046630178
890042690892
890040289615
890044664351
890045013645
890042288641
890042616668
890043160804
890041027205
890042166427
890048354535
890047566397
890048100277
890048696084
890043244317
890045398683
890049486718
890049696988
890045100416
890049274705
890043042724
890046127909
890045799055
890045422403
890043289704
890047292008
890049420275
890041334213
890044325267
890048031415
890047729969
890046444474
890049143893
890047499609
890044784449
890047364929
890047811469
890045510584
890042124307
890041985833
890048124258
890043844627
890047713052
890047909788
890044761338
890045785631
890040405484
890048015280
890041520175
890045697161
890048968833
890041196849
890041744285
890049876630
890048816250
890040462085
890047124571
890040794889
890043002592
890044221908
890047359959
890041251538
890048420071
890045909928
890042852498
890045715312
890041873983
890048691548
890043838024
890040838973
890040150641
890048365327
890042218018
890045429445
890047597982
890045511672
890043734702
890047394972
890041983297
890047702025
890047523329
890049227008
890044636567
890042206122
890042072129
890043080057
890040837293
890041186460
890049398245
890041117264
890044447320
890043046977
890047067772
890048021818
890040940691
890040288815
890047768210
890048346004
890044080139
890040020481
890047816750
890046693582
890040008663
890041518022
890042195456
890047948599
890049706673
890040739069
890042688443
890048840203
890047990742
890042138825
890044825231
890043905460
890042244728
890041813048
890047610945
890043152106
890043181975
890046651372
890043676180
890047652425
890047796140
890042712501
890049353397
890043677981
890043876710
890047904026
890041645840
890042056555
890049964496
890042663703
890042958374
890048935539
890048038599
890047641802
890043172148
890046186429
890049294303
890048043316
890045086615
890042884366
890047389605
890044301664
890040754099
890047601495
890041840987
890043025960
890040067906
890040685078
890046581822
890041516053
890041736482
890044078247
890042929475
890048698932
890046180953
890046155780
890044161790
890046811253
890047680278
890043889690
890049303429
890044281895
890042449866
890040431473
890046027963
890046931695
890046864698
890042170838
890041896070
890045598356
890045626007
890046395755
890042239929
890049442857
890040515302
890043142220
890042788522
890044300402
890044225193
890049533220
890049961389
890048323515
890047730192
890046570573
890044972177
890045424851
890046514579
890049197932
890045097985
890049788667
890044554163
890045873289
890049618297
890041872366
890047193865
890045542537
890040336598
890043663375
890049458215
890047624407
890045739449
890044759837
890043621272
890040107697
890047269688
890048030681
890045339866
890046751536
890049237360
890041831072
890040804759
890043171325
890049705392
890045248260
890047478368
890048233629
890040907402
890046630247
890045712042
890048888645
890040920028
890042664755
890041931124
890044053162
890046391061
890041757657
890048407113
890042193157
890040781387
890042793793
890044759774
890048436759
890047800393
890042912238
890044633630
890041452853
890041125538
890043877942
890047563488
890045713141
890047657162
890041639913
890041526205
890042491779
890042396176
890043985257
890047905580
890044319232
890047932367
890049031625
890046959833
890046782831
890041179627
890040768053
890046220036
890044902621
890049901238
890046196043
890045566044
890043304789
890044735440
890047702944
890041509497
890043386330
890043736202
890048772220
890046208859
890049844466
890049830089
890040500422
890045122743
890043638519
890042236576
890041848570
890040690963
890049684996
890048788534
890040913471
890044322815
890044756290
890047351359
890048978751
890041187303
890046453408
890049484579
890040839610
890040361887
890048557683
890042827223
890040802015
890044282571
890040345720
890049616437
890049115797
890047698462
890048294066
890041818308
890041091822
890049934119
890044319539
890043083597
890046986112
890042024593
890049145713
890047134506
890040921265
890049505913
890040595569
890049865201
890041693913
890048083684
890047645330
890045791890
890049262204
890043012763
890043884104
890047882742
890041004386
890047184545
890048029576
890048278215
890045333725
890042148459
890049807453
890046478263
890049212498
890042214095
890048850721
890048190546
890043190972
890043238803
890043316817
890041796710
890046514573
890048374101
890044788475
890046624098
890041152325
890043292714
890049901714
890041199873
890040001092
890042182854
890044714829
890042333771
890049944042
890045137781
890047985475
890046876103
890043080365
890044012924
890040645883
890048759213
890043458059
890042991622
890043141567
890042237894
890049233776
890046861496
890040584923
890048986886
890047351858
890042254857
890049841906
890049387494
890044507192
890049961188
890042934039
890041219855
890042668519
890046321371
890049340888
890044818389
890048359274
890048636774
890049250100
890040738733
890041519064
890041018535
890048890848
890040775351
890044284118
890047112370
890047185147
890047636389
890047780820
890046094879
890044761222
890048155624
890049138815
890041923998
890045165586
890047588554
890046262097
890048777271
890047798974
890043960662
890042907081
890041643362
890042346815
890041354492
890043996367
890047223918
890049052116
890041885440
890046629292
890046199445
890046486573
890045376191
890049858102
890040483240
890047657839
890047521112
890047774554
890047596010
890046829925
890040998888
890044473061
890049530656
890046817480
890041351700
890049267517
890042921831
890041406841
890049769797
890040403642
890047765921
890048608764
890041547796
890045584083
890047243590
890040272275
890042559825
890048624001
890049699448
890043280445
890044624545
890046032002
890048260454
890046188145
890046251608
890045344556
890048380336
890042778431
890049946295
890046611076
890042587689
890042905557
890041000117
890047488588
890046516065
890048629110
890045551801
890049581856
890042636110
890048619507
890046584477
890047260723
890041690510
890048437726
890043307810
890043476529
890043198107
890040082624
890041424902
890048751729
890049760352
890042392556
890048470407
890044317795
890046039654
890047329323
890043602226
890045420929
890043284405
890044654363
890046766067
890044426042
890044594116
890045353221
890048325772
890040146585
890048024213
890047617175
890047264011
890048574929
890049059661
890042092440
890049661968
890044305137
890045301058
890045155675
890042709921
890043031038
890046867509
890044754799
890044036342
890047895178
890042658784
890048576862
890044403969
890046129503
890046676820
890047033175
890048807745
890046775317
890048630207
890047680541
890040997210
890046319124
890044840615
890042750243
890042429883
890045667671
890041378231
890046039784
890041568073
890044580614
890046573785
890046333436
890041223399
890043601888
890048168820
890041210868
890044989654
890046298187
890041282966
890046053886
890045261218
890045925557
890046225388
890048557628
890040393747
890046121153
890042482553
890045364329
890047998978
890041905005
890049862508
890049614656
890049624939
890045046354
890046355116
890042102447
890045696174
890041608831
890048098356
890043907498
890042578137
890043817523
890042643856
890044684815
890044959056
890045357206
890044570054
890043813803
890049930687
890049019040
890041886569
890046556982
890049267736
890045953417
890043353993
890048543839
890047849068
890042603311
890043538723
890046580218
890049883238
890041579575
890048677805
890049494684
890043725853
890042161365
890042436669
890044495533
890040728362
890040769475
890049599554
890043024972
890049704033
890043567535
890042487568
890040710428
890045024533
890049867082
890042333139
890042500386
890046018432
890049379665
890041172414
890044940376
890041413928
890049365490
890042931037
890043093530
890047911032
890047641729
890043946280
890043579938
890043756826
890048680529
890048055850
890049927665
890043367083
890048505757
890040513004
890041280325
890044726989
890047565664
890041113735
890045031636
890043064764
890048223181
890044122993
890041842707
890045061150
890041207916
890040827046
890049596486
890042149464
890040806522
890049580251
890043264306
890045248316
890048852393
890040612712
890045887649
890043560468
890048071824
890040159675
890041220998
890044810693
890042737026
890040117966
890040165206
890049583435
890046200070
890045548812
890046014747
890042861000
890045702923
890044449667
890046248120
890048119355
890049721145
890040585787
890041482286
890048763360
890046761241
890049651208
890049535203
890042660231
890043235615
890045913019
890042646425
890046519776
890043646854
890044758503
890046435067
890045388561
890040225993
890046472347
890043677490
890043718363
890043278841
890047031417
890040621368
890041497775
890048780496
890040451592
890046407716
890047152916
890043425141
890046809161
890045421279
890043416830
890048288724
890044446075
890044330525
890044023342
890046538454
890043825835
890043950787
890045541062
890042657486
890041715994
890042439947
890041863775
890040455053
890042730456
890045401050
890048387252
890041736569
890045867193
890046713526
890049497761
890041535982
890040807769
890049098490
890044700331
890040057508
890047682597
890048147166
890045763427
890048866818
890040736922
890045994717
890046062576
890042983081
890043865406
890049692529
890042777323
890048617174
890047572369
890047934782
890046864514
890042019068
890041096888
890042999235
890045153125
890046523727
890047811324
890041522784
890046532751
890043877607
890048196540
890043915746
890048797251
890048233941
890046123090
890041701304
890041889267
890049565751
890043361167
890048686972
890046343635
890045138930
890043907100
890040700038
890041933243
890041590396
890048424071
890042281110
890044695215
890042112208
890043961878
890047500105
890048811261
890049517656
890042777383
890046534397
890049720159
890042568962
890047166223
890047975388
890045825775
890044470561
890040243566
890042544337
890047900457
890041098594
890045442977
890043168932
890049748445
890049352985
890047212458
890046831629
890044097765
890041977460
890044592633
890041441598
890043716247
890047097690
890045536965
890047135876
890041235682
890049990062
890041352478
890041626946
890046496371
890049945555
890044347405
890041976875
890048989564
890049633181
890049311700
890042505704
890047737655
890047800140
890044338794
890044066659
890045010084
890041753096
890047459092
890042140841
890046774953
890047727658
890047624717
890045959018
890044222462
890048463434
890047945547
890048867425
890044939010
890040736164
890042825503
890048314256
890042849195
890048586915
890048450923
890042337689
890040835387
890048822320
890046060742
890044449154
890045026546
890045262234
890046154891
890041813493
890047140885
890045936340
890045341918
890040773033
890049467352
890042238207
890045881716
890044031302
890049491247
890043100759
890046041098
890045099865
890048843659
890046409267
890046334619
890045374561
890045617642
890040189345
890041423399
890043159349
890041493965
890047212166
890048710104
890040230396
890049117567
890044717478
890043173360
890043281632
890040867617
890045537108
890046865872
890042512998
890044999682
890045211751
890043545628
890047813111
890043992169
890040707390
890049098435
890045059935
890042487616
890044689097
890049207626
890046282474
890049819013
890041444665