890050522715
890050682837
890056165890
890050013840
890054357894
890055850263
890050759571
890050471535
890058798057
890050728005
890050223139
890051694377
890053951755
890054948622
890056184623
890058585464
890059009511
890056332756
890054659237
890055931902
890056939083
890056472061
890055316904
890054191226
890054128207
890050301185
890052127398
890053298906
890055944032
890056326236
890058443499
890056298673
890055689540
890058944041
890055401372
890058245176
890057555201
890054053399
890055827159
890053788873
890051700383
890058700340
890055940150
890050036447
890054322383
890055639372
890050903033
890058796603
890051152995
890055480255
890059882216
890050518698
890059329357
890059998130
890050893961
890056916717
890058009528
890050727342
890055485661
890054782976
890052739933
890054620051
890052435675
890059538255
890055369630
890058246171
890055252285
890057618172
890056366247
890053782203
890053025891
890051513220
890057542088
890053988895
890052955743
890058519830
890056470285
890051645268
890055822168
890052793463
890058467677
890053863206
890053876357
890058821848
890050263871
890050228746
890050492498
890058198468
890052514680
890056300129
890051300994
890057605550
890055517160
890057627346
890052389311
890058797505
890054003215
890059880157
890059542533
890057518232
890052030782
890055239092
890055205248
890058267657
890058208189
890050533531
890057348362
890054452278
890057472944
890052902596
890058192895
890053415098
890050572022
890059907001
890059131141
890052278779
890053376324
890056032638
890058955186
890058667461
890059356788
890054426705
890057618036
890056613042
890055435351
890053255291
890059060632
890057663690
890055139253
890052181461
890053516518
890058780341
890056746782
890056811197
890050290944
890058349311
890056535079
890050600069
890056158298
890054868411
890053053384
890058477600
890052916475
890057563206
890059404605
890050633697
890055925465
890053508538
890052939389
890054998216
890053289637
890059604693
890054906688
890051355299
890052733093
890059450566
890056558159
890058935774
890051928284
890056445276
890054775840
890053196401
890051410422
890058783488
890053381893
890059165017
890057495148
890057725314
890057779113
890055738931
890058044784
890050182558
890052609142
890055936114
890055314479
890053187624
890051141452
890055147185
890056291087
890059538035
890051461309
890054425492
890054049199
890057317412
890055105470
890051983183
890054979778
890058776025
890056017453
890052248225
890051419233
890051013939
890057013005
890052492420
890056591566
890057506254
890054880216
890050684944
890052423000
890050656700
890058210553
890057582783
890054501607
890059752325
890056622628
890059149539
890054936749
890053012341
890059038362
890054708007
890052435593
890054323934
890055854154
890059777698
890058430742
890055293748
890051414561
890052773644
890058830091
890059928655
890058570835
890059739138
890058090168
890051689683
890056441149
890055447296
890052492186
890051739598
890051378059
890054066917
890056218781
890055772494
890056886010
890051654078
890059864360
890058828897
890059084106
890055506227
890051746282
890050026423
890050974526
890053774509
890058490452
890054414056
890052453439
890056584338
890056890947
890054229329
890051595673
890058388007
890057219223
890059544131
890053391907
890059884451
890055587847
890050211038
890052518760
890052192299
890058361916
890059470853
890058898705
890052654832
890050384935
890055015894
890059567451
890056150099
890050598645
890053080149
890053959010
890052005358
890051416452
890057763740
890054349696
890051426547
890054464062
890058720180
890059394764
890055093534
890052904322
890058071241
890055460752
890059366856
890057667345
890055730531
890056864764
890059915308
890058304322
890051477380
890059851008
890051491687
890055157747
890051341609
890055391499
890052023427
890051958499
890054761924
890053443663
890054325140
890057368775
890058443362
890058629800
890055877018
890052759109
890055684887
890051442209
890055005199
890059266173
890056122323
890056880604
890058720489
890051328715
890053641693
890059935189
890054033735
890056420266
890050269097
890051475005
890054087919
890058751719
890058551745
890053775371
890056090090
890057950149
890050289691
890052198894
890050172918
890052194388
890052396426
890056559904
890059484953
890055481780
890054809585
890055669140
890053045624
890054629154
890052732646
890053635778
890059234014
890059948225
890059151535
890058462766
890052041526
890056219876
890055610659
890050833003
890053832196
890055851969
890058044211
890056024991
890050676537
890055638260
890054048101
890058125609
890052315139
890054928369
890053367879
890052988629
890059313386
890050889473
890056965594
890057922133
890056955473
890053697275
890051248106
890056312161
890058529053
890055284733
890057269835
890054637787
890056325488
890058692390
890054341614
890052385042
890052197262
890058863804
890052403365
890055614501
890053412088
890051272803
890052752765
890057328882
890057995782
890051870163
890057992101
890054140808
890054212471
890058229203
890050361734
890055698942
890059927137
890057472352
890051465922
890052185117
890058092605
890057880433
890052574655
890058517335
890053034560
890059712755
890055387739
890051583376
890057787515
890051855101
890050727586
890059320685
890052966686
890059443244
890054660683
890057746439
890050232660
890051557759
890050043251
890059510027
890052576048
890050079598
890054746393
890055816662
890059800620
890057832053
890053728881
890057222698
890050670547
890057464814
890050147035
890054632019
890057783294
890056463638
890055005363
890059667383
890052975376
890054216731
890056652793
890058094003
890059519773
890057838761
890053529911
890052355936
890053408014
890055326173
890052568531
890056629134
890051423824
890056200567
890056290150
890058334986
890058020070
890057649305
890050541555
890055390774
890053456180
890054512097
890053942909
890053245729
890053678582
890056310292
890052737403
890056511536
890050978672
890058702546
890059761688
890053122469
890053953755
890054427155
890059514137
890055168464
890057419910
890053839668
890050000584
890054363355
890053082820
890059446350
890057019313
890052178471
890058109678
890058811467
890050075402
890056988969
890056475803
890052539721
890053436309
890052349920
890057106449
890059818238
890052747363
890050614439
890057442146
890056450900
890054764907
890054783476
890055332591
890059206067
890058358898
890059567578
890051944350
890056344540
890052690591
890051035926
890051885771
890054830709
890052699618
890054632642
890051117759
890053732872
890059702978
890052340097
890057421769
890055687116
890053537454
890059181152
890050204689
890057555650
890055475341
890054802809
890056138332
890053824568
890054928951
890055887704
890059932399
890059402143
890053358204
890053875689
890054659598
890058388167
890050638127
890054836704
890052031911
890053914570
890055346787
890059571437
890054514105
890051985586
890056349059
890058696242
890059022734
890050290407
890058719139
890057732752
890055092780
890054386310
890050836842
890052481491
890056136283
890051053702
890051246882
890050899286
890051441099
890059462298
890052993529
890059273089
890051329083
890058151513
890051447186
890050786055
890054033395
890052645187
890055085609
890053424786
890058295824
890053319746
890059952682
890052032385
890051983141
890056052484
890059812698
890052308348
890051345382
890059589480
890053799822
890055476557
890055101238
890054430938
890055165012
890056113943
890057764115
890053890119
890057475475
890058999648
890054231486
890059780566
890058117007
890055372385
890055630007
890056629087
890052382229
890057166933
890059417605
890056568658
890051006101
890057757147
890051158119
890051588379
890053836337
890050246510
890050297470
890056122409
890054051677
890050226625
890053208112
890057748709
890053218616
890055781053
890053947309
890057601655
890050038967
890052424788
890057059902
890057158453
890055954268
890052969568
890050938431
890057821396
890059456633
890059660028
890053708559
890050265514
890056229448
890059692294
890056952232
890058130425
890053140215
890059058867
890056645641
890058401530
890054239846
890057833427
890053993008
890057941211
890053535563
890059231748
890058168913
890058932722
890055065888
890056434330
890057044906
890053744444
890054762932
890050001063
890053629636
890051976638
890054725484
890057065523
890052765290
890053251351
890053743246
890056038802
890055935345
890051532704
890053376426
890052355390
890058229717
890054118684
890055025409
890051009288
890057152800
890055756567
890050695883
890054795710
890058460230
890058550908
890059020040
890059300186
890052117240
890057601805
890059512254
890058785070
890059959536
890052005479
890051599577
890051755741
890054519634
890059732081
890056463308
890054575137
890058388482
890057802770
890054883575
890051779970
890051878229
890057240086
890055008216
890050078482
890053084181
890058933114
890052805311
890050319449
890057140468
890053647024
890053672333
890053984747
890056874386
890059211858
890058652955
890050457692
890052087414
890050466954
890053439341
890058367262
890052374732
890050543148
890050358292
890055195020
890058709329
890057255793
890058983861
890050166079
890052500228
890051368889
890051152629
890058936717
890052648077
890053346005
890053001863
890057562813
890057856723
890056813277
890052121143
890050831483
890059689312
890050699557
890054374271
890056351688
890054821830
890051729156
890052361789
890055721813
890053762719
890056955269
890053685701
890058063792
890056700608
890052360505
890059896175
890056844330
890056476978
890052761989
890050320289
890052810734
890059813964
890059848842
890054121263
890056012383
890053138293
890050393645
890052832660
890050182003
890050840933
890053655427
890054169704
890053641066
890051046830
890057062548
890055468463
890055480787
890057192113
890053669166
890054820496
890059068532
890053274477
890051005841
890058724384
890051180143
890052236134
890054108277
890055198073
890052014925
890052345972
890056335261
890054937574
890051535437
890057658829
890056636972
890054477435
890051014530
890056544958
890056713210
890052484947
890054813080
890052840706
890052198819
890055628278
890059179923
890056353689
890053117345
890053478541
890050358708
890057250201
890059750644
890054287521
890054597848
890050303779
890050093640
890055100103
890058201124
890057134843
890058713218
890055151867
890058099158
890058901356
890053987544
890053559324
890053837276
890052594451
890054674497
890051882493
890053323946
890057636927
890050079568
890056059549
890055515528
890057903409
890057841886
890059585850
890059113923
890055785520
890054349830
890051883173
890059744659
890053056884
890053340065
890058552219
890052504366
890056153219
890056146911
890058474985
890056082176
890053527234
890058390818
890058922915
890050174407
890051358272
890055415030
890055222146
890054515216
890055054456
890054627287
890052132799
890051386022
890059025214
890057936106
890052625062
890053932089
890052160024
890054585041
890058066670
890054113763
890054787063
890059227559
890058083777
890054969525
890050500733
890058897515
890053761358
890059674434
890054497089
890058026016
890054134666
890057935318
890054041976
890052040472
890050512241
890056382900
890059472108
890056805315
890055212110
890052096849
890051607489
890053140955
890059586883
890051955442
890053276163
890052388695
890056214110
890059713114
890059071359
890055105650
890051208446
890050037288
890057256043
890057619446
890054874889
890050708536
890059075248
890051196252
890051114520
890051141380
890051343186
890056597578
890056173310
890057245919
890052375806
890050616316
890059110783
890059723303
890055161605
890059415585
890059562664
890057642049
890057201315
890057521483
890056657015
890059423042
890057743801
890059373476
890050406771
890056067800
890058513358
890051948914
890052668938
890059005103
890057065259
890057322043
890053669706
890055163671
890050109981
890058559501
890050191580
890050926511
890057519931
890059465988
890059319799
890051010790
890051283495
890056675241
890058491061
890059575454
890054209185
890054571234
890055980584
890059549864
890054620820
890053849807
890053515086
890058849390
890053680624
890058320702
890050770356
890050692428
890055696410
890053934269
890057125697
890055227742
890054558138
890056903126
890052812138
890052568994
890059761404
890054203924
890055468166
890058227858
890058992399
890054094939
890056031623
890050909162
890052672360
890050438840
890055520388
890053224936
890056112593
890056411254
890052332368
890056960717
890059296671
890050824621
890050102185
890059282627
890056962776
890053680665
890051984580
890051422989
890050722417
890051399811
890054665912
890056495750
890051066614
890052871411
890056720026
890054442274
890055370956
890057732142
890057543575
890057098945
890053524154
890057228517
890057027997
890051993433
890055887945
890051316372
890059453658
890050910147
890055201289
890058619937
890050339051
890051147747
890058912747
890054374910
890058979586
890057680213
890056854421
890051986999
890051037993
890056119110
890059253692
890058848584
890056365778
890050362604
890050242817
890053194751
890055008627
890058586102
890056143359
890050921707
890059439530
890054336502
890057700295
890051387785
890050683836
890056221245
890056164649
890056435908
890055091402
890057339794
890059300171
890054671908
890053340765
890050435373
890051400936
890056543313
890053011667
890059229278
890050094006
890057735806
890057738291
890057733336
890051940391
890054466517
890052976632
890056731632
890054592547
890052116365
890050888712
890056031401
890056219237
890050804818
890058786733
890051532823
890059367512
890059482505
890055113039
890050596188
890058633008
890057839230
890054311165
890052174646
890059088523
890056676803
890058398067
890051547632
890055824244
890059983095
890055605238
890059997683
890056445515
890057503348
890053251312
890052198868
890050716265
890055774135
890055152888
890050729412
890058419467
890053007635
890053296668
890055127297
890056836021
890052749486
890057112311
890056294018
890055252283
890055321200
890051018270
890051111221
890051422014
890055705191
890058719381
890056120522
890050099844
890056144554
890050603658
890057362400
890059095281
890058002389
890055593959
890059517224
890057047536
890055346179
890052641946
890051083665
890057864915
890050994087
890055092444
890058994592
890051562488
890056235836
890056747833
890057355575
890052158239
890050368198
890057368074
890051634738
890052671740
890050567872
890057137217
890050084560
890053188874
890051800400
890054913928
890056723271
890058244659
890053388224
890057327607
890051480421
890057399119
890053458603
890058095060
890051924896
890055986383
890057634589
890058525320
890057579977
890054532552
890053155207
890057598524
890053829341
890050672912
890051818966
890058165831
890056133215
890050805052
890059951914
890059101925
890050239080
890057797499
890055436427
890052518179
890059067060
890050029347
890056675448
890054287980
890056243804
890059461802
890055128666
890053265369
890050277403
890050142267
890051277939
890059088487
890058020426
890059955041
890052181873
890052796593
890055384552
890052106495
890052696714
890054813146
890053716911
890055553411
890057830269
890053318656
890058353014
890056421426
890057003708
890052492366
890059364712
890058861582
890050424117
890054974057
890054100807
890056113877
890055179323
890056224904
890053380945
890051408799
890050167360
890053971491
890057415059
890055642278
890051188430
890059834376
890055075884
890056419142
890050893978
890058874062
890053370379
890057681962
890058745265
890051845374
890056643098
890054574116
890057107390
890053550215
890059618334
890059317181
890051315738
890053979844
890052901652
890056049452
890055010863
890051158367
890056433620
890059183855
890057108318
890054347315
890059741348
890057998070
890051229789
890057243531
890056412975
890058356454
890052308275
890052377940
890052402183
890051732626
890050476035
890057151160
890052745571
890053321063
890055348898
890053049251
890055292614
890052308810
890056603694
890050321010
890059195377
890057459826
890056902220
890055551936
890053685612
890051215695
890054294314
890051561303
890059893055
890052869530
890051241853
890059870245
890055773874
890058220145
890050899980
890051868880
890059031582
890050603669
890055864206
890058599941
890054420619
890055962037
890053149269
890052175830
890058864892
890058295108
890054123412
890059089497
890055986357
890055125300
890059704544
890057748680
890051181151
890057639032
890056518109
890052500241
890056942624
890058851065
890059532982
890050785992
890059900886
890057214301
890057550339
890059917858
890055266051
890055854011
890053844738
890053046648
890055087068
890056927233
890050993106
890058499007
890052532493
890051409611
890057392837
890055855590
890051515805
890052983253
890050324907
890058713455
890059574871
890052096063
890050608044
890051184228
890055602869
890056984005
890059475067
890058540821
890054108833
890050941269
890059765171
890053493527
890058125335
890057061577
890055641876
890052875684
890054182953
890054127943
890052844115
890057626210
890051620155
890056542685
890057158755
890058958145
890058585493
890058866688
890055700831
890053922420
890055644170
890053673479
890053890413
890055492196
890054851384
890055683001
890054721526
890051320492
890050271022
890052628039
890054956278
890050718976
890057485097
890058797479
890056864735
890051166295
890058039221
890052806374
890056566328
890057083691
890054434149
890052902997
890051488851
890055519743
890054886041
890053234503
890051917917
890050960499
890051171581
890051080534
890054705588
890058436067
890053153940
890056492182
890052558676
890057628632
890058457086
890057606400
890053401399
890052744097
890055295341
890056912591
890057591176
890058731876
890052830888
890052976290
890059388890
890055273882
890059189537
890056770936
890059346805
890050548919
890057288950
890058561031
890050405721
890059331367
890058843255
890055814804
890054719126
890058598127
890053660319
890050049538
890055617013
890053679342
890050468284
890051924603
890050383645
890059359803
890059490173
890055938748
890053776093
890057017165
890057350599
890058068948
890057526698
890056243476
890050704949
890058663194
890050005426
890059295380
890050223628
890052924180
890051754751
890058608523
890051084001
890057267167
890058055875
890055778508
890051842945
890053869355
890052608631
890055169323
890054032732
890053346486
890054012070
890058452949
890056511971
890055190654
890058979177
890058409744
890057789705
890050919267
890056157779
890052401045
890056894133
890058512473
890057150419
890057718198
890053941854
890054543218
890059207989
890059391893
890052082465
890059048688
890058797417
890050991654
890058253317
890057612898
890050181093
890055088691
890050572903
890059696830
890056904781
890052657432
890054943976
890052152084
890058387391
890057180918
890051459916
890056432393
890052321992
890051373105
890058977719
890050723390
890055207940
890054776958
890055890274
890058354894
890052222870
890058028293
890055418455
890058518081
890059306475
890058535167
890051452531
890053494940
890054996268
890050709668
890059779207
890058856306
890052005874
890053740022
890050244535
890052318718
890053409635
890055624674
890054385474
890053172134
890050629093
890053995465
890051922747
890050920268
890056495943
890057260273
890059064898
890056633259
890052199104
890052539933
890051118614
890059074740
890054315030
890056017149
890051290529
890058235766
890053010905
890050289360
890050448935
890052233311
890053223101
890055098588
890052307866
890051449601
890057996924
890054083837
890051107687
890058955832
890054087609
890056276679
890052745397
890052833436
890052771747
890050750961
890056773725
890051799658
890054861610
890057628963
890057440086
890056528376
890050435471
890050229212
890059227107
890053100365
890059238835
890054835723
890059873990
890054789151
890050247507
890056594423
890059966413
890050796507
890057785664
890056828108
890056004319
890053925908
890055436520
890052772702
890058376515
890056631751
890053911519
890057114838
890054982366
890059291805
890054499775
890055709114
890053906298
890050228036
890054739665
890056775217
890052955394
890055296709
890056464409
890057526165
890053774346
890052807286
890053048020
890055703403
890056867594
890055676938
890059950195
890051300537
890050180162
890052763191
890050052492
890053369091
890058222871
890053320806
890051930933
890059282675
890058690946
890056890146
890058755336
890050011134
890051572178
890050883712
890058461529
890056414873
890052294057
890050862473
890056332228
890051486159
890052380252
890050440676
890059240037
890059864322
890053350939
890059357245
890054352051
890051223311
890056961677
890052842806
890053533073
890058512084
890053283211
890054346707
890056109294
890055787786
890052964954
890057789494
890053987152
890052543263