890063948086
890069704356
890063297414
890066833076
890062218988
890069447530
890067911428
890064148473
890068787529
890066332504
890069863035
890063466238
890063380725
890062512314
890064380074
890069275888
890062716269
890062185680
890063118771
890067165848
890062159310
890063728179
890065831881
890066898326
890069436249
890063614816
890066417623
890066406402
890066041406
890062753823
890060227891
890067910614
890065790747
890066286665
890067850546
890064372133
890066204618
890066535053
890063129894
890066121066
890062936645
890062989124
890064288736
890066344233
890068398552
890068171895
890067964250
890061836684
890063609724
890062823023
890063859547
890060240506
890064680922
890061813210
890063816455
890066275773
890060750990
890065818593
890067871330
890068992112
890067867800
890061844283
890066658550
890066251613
890060055003
890069391056
890069304310
890067010791
890066198373
890060892230
890063855167
890067552102
890068146412
890060129027
890064408703
890063593641
890067287837
890061494755
890064131674
890062083152
890064123306
890067963611
890069114613
890061088918
890066972247
890068574179
890067954029
890061981372
890062804097
890066221525
890063895277
890063848786
890066837783
890068584544
890064261650
890069685309
890061618312
890066881346
890061104570
890068348280
890067561401
890060800243
890067184800
890065641829
890066790935
890063596510
890060219254
890061088419
890068539947
890062152033
890062897754
890067207294
890067851024
890066759728
890060073296
890065488324
890069317874
890061328934
890067119290
890060606530
890062747265
890060171319
890065334916
890067585056
890062314739
890068911865
890065147923
890068389014
890069805989
890069878671
890065991385
890065012426
890068338233
890069783030
890063552419
890064742502
890060364075
890069931291
890061956562
890065409649
890066261141
890062056311
890064750647
890066542949
890064806353
890063430628
890067527526
890067309744
890069043080
890066519113
890064618659
890066814004
890062090512
890061999126
890062883912
890062334916
890062456429
890066251696
890064703843
890061907053
890069678131
890062948302
890063539957
890067468342
890060699645
890061173018
890062170383
890065189281
890062788565
890060437591
890062982933
890060337090
890061400240
890068135057
890064064926
890065317232
890068455303
890066977818
890063397628
890060872555
890068814212
890063179270
890069841171
890066225872
890069438905
890060600727
890061135550
890068260001
890060546188
890065486737
890060713079
890063476669
890063404058
890063299098
890069699164
890064042228
890067569034
890062941264
890063571251
890067056671
890069604047
890060550880
890060523514
890066835222
890061562556
890067489589
890062584062
890063968902
890063303195
890069409302
890066363657
890061109031
890061925289
890062174938
890061565524
890069520259
890062663921
890065721986
890065422136
890060316090
890062586485
890062112835
890063895468
890068775239
890062972566
890066177862
890060061555
890069862472
890061099852
890062503554
890069178558
890068761587
890061666728
890064024933
890065081128
890069101719
890067561723
890062944151
890061165459
890069379484
890063554720
890068579709
890064286361
890061216519
890063058078
890067106694
890063364039
890061938950
890069486078
890069747325
890069676344
890060016576
890069255640
890066136082
890060275212
890064634726
890060233088
890068308925
890069378754
890065696780
890064607958
890061993049
890063015016
890060858684
890061284969
890061660009
890061153593
890066071190
890066366153
890064510530
890065770954
890065311016
890061936594
890066635259
890069352509
890065667871
890066335022
890060119692
890063408856
890064715965
890065884964
890064514471
890067128699
890066101467
890062154387
890069873547
890063105069
890064182140
890069710635
890068757534
890064298767
890066932526
890063487788
890060551252
890062135540
890064376162
890067655859
890060156370
890069219922
890062029710
890060594570
890061170870
890062242155
890069188121
890060430874
890060644427
890064660522
890067645339
890069705505
890061163488
890068125571
890066217864
890061664959
890069780177
890063764639
890061503505
890068331532
890063630641
890064512354
890069127006
890061572778
890065599178
890061542763
890065319188
890067662752
890064493660
890068098341
890067780053
890065819128
890065925855
890065012375
890065900179
890067000577
890061164160
890066214433
890066249707
890066064863
890060576824
890069905264
890063385036
890060963180
890065977380
890066674404
890064460213
890066830578
890061625654
890065311436
890065256788
890066515749
890068443489
890060985964
890068942974
890064010003
890063745147
890069203452
890067031487
890061695696
890068920403
890063737191
890068345553
890062775946
890067641605
890068280131
890069159648
890062331717
890060476187
890064831193
890064788915
890068213146
890069737416
890062687035
890069597311
890060310704
890069636025
890062200773
890061394923
890068062818
890060363361
890066560310
890063468028
890063583892
890060231734
890063836141
890062859259
890062001105
890069715969
890060404313
890063634332
890066721282
890065705684
890061225464
890064588437
890067046907
890069619678
890060709711
890069924445
890065047279
890067209888
890061306361
890066506263
890061849928
890067510222
890064562944
890061455896
890069174004
890060510295
890065478161
890068106881
890068655865
890068079965
890061856246
890064841060
890068090067
890068443655
890062076172
890067693175
890060717125
890063105749
890066235246
890062354177
890067075054
890068397103
890061132270
890067337251
890061496013
890067399656
890063313311
890062071906
890062530327
890063645306
890066769884
890064008671
890067000944
890061399027
890069625007
890065573594
890063810833
890065811088
890064558506
890062236962
890063499257
890062369376
890066341943
890066103006
890061030488
890061664958
890069046288
890069332839
890060095315
890063658902
890069459873
890067579783
890063986364
890068262315
890065912048
890062374753
890069522059
890065252217
890068090813
890061109148
890062980638
890064127603
890065347706
890066923499
890065106572
890066430217
890061423179
890060627522
890060667609
890060116853
890066871555
890063979757
890064273337
890062301073
890062419025
890065573254
890063225642
890063028590
890068817329
890067849441
890064137973
890065019009
890063015959
890065496034
890063300021
890065485270
890064435417
890064779593
890065756562
890063944512
890069377083
890061955678
890064459226
890067508554
890063131682
890060307014
890064602836
890069131457
890068956530
890065648181
890069311586
890066802546
890066335677
890065768054
890065861891
890069754056
890067627763
890067292004
890064295626
890066598306
890065797768
890063739765
890061422131
890063779402
890062424185
890061483787
890068462833
890063049297
890062803768
890063921372
890064884372
890068578324
890065030159
890066347341
890060968452
890062025868
890062342651
890069549519
890067942636
890062879651
890069572438
890060953659
890061229137
890065847315
890062586059
890069591719
890068419379
890066313605
890061930439
890063173417
890063853475
890063140709
890061426472
890061679931
890062443524
890062332184
890068904790
890062678648
890063393495
890061154608
890065266294
890067149187
890064322988
890068438193
890067983904
890060445119
890069979695
890069072201
890065225286
890068428986
890064162239
890065308222
890062999123
890064684701
890060633290
890066743968
890064286761
890067024831
890067109738
890064359238
890064003362
890061080174
890060608642
890061261000
890066350554
890062909900
890060693306
890067463237
890067052246
890065094814
890062469280
890062412160
890065993855
890064180274
890067094115
890068701636
890068420278
890060059503
890068694026
890068496139
890069474304
890065871914
890060110804
890069486383
890061893667
890068562103
890063315431
890064405920
890064006447
890060392404
890069063820
890062998022
890064051343
890064569190
890063428270
890064408174
890069983583
890067574680
890063267777
890067712972
890062794197
890064399713
890065968168
890063078353
890066047614
890060642227
890069841572
890061982175
890067582217
890060525573
890065147600
890067723971
890062663593
890069596886
890063345829
890065516369
890065618758
890063841820
890066743746
890069247604
890060318915
890063944132
890067703645
890069945030
890069535171
890062328882
890069350979
890065787840
890063605439
890064078812
890068013061
890066265005
890067298809
890063817122
890063248086
890068585023
890069914247
890068222710
890064780389
890062451087
890066493698
890068645355
890063548876
890063769820
890062507428
890068313168
890062923229
890060080095
890061771990
890068458682
890068338425
890062748106
890064999003
890066308208
890065477668
890065108070
890063426883
890062424428
890060125216
890069138200
890061549856
890063148447
890066791031
890060155563
890068151912
890060816765
890066208925
890066359583
890061287194
890068132464
890067290862
890067885212
890069340695
890060607616
890063971142
890066935641
890067540312
890068134294
890069245313
890065798993
890062881717
890063844212
890068213597
890068621197
890060802515
890060069772
890062948547
890061341982
890061305663
890060747536
890060504731
890062472452
890064030027
890067903926
890064424500
890069183409
890069874146
890062392493
890068437920
890063221176
890065699358
890061346798
890064236063
890065272356
890065186475
890065504539
890064552832
890062755178
890067840716
890061075653
890069049004
890066289128
890069358626
890065676344
890060020319
890063921723
890065467706
890062465285
890062943124
890065622041
890063693023
890066314902
890068098801
890063706787
890064494949
890063963164
890067400867
890067534083
890068770614
890063838910
890068128735
890066456094
890066266922
890068020065
890063344726
890067232738
890066079394
890061413935
890062604393
890066272920
890062933373
890066772776
890060531500
890069856956
890069983940
890060049636
890063622589
890068483498
890062508668
890068506826
890069603291
890063110704
890062599637
890065848165
890060263110
890069949323
890069257858
890060135348
890069151941
890063486591
890062941337
890063188558
890065315518
890060587018
890064358512
890064215866
890064128524
890068836204
890067604033
890066809202
890061050888
890064322363
890061782313
890065020910
890069444932
890064149503
890060050899
890065147100
890063390527
890062600286
890065478883
890063050075
890068593078
890064087868
890067022769
890064930255
890069753901
890066537308
890061158171
890069872195
890064905679
890062560082
890069385371
890065108035
890068022672
890066047019
890061786665
890066418660
890061031142
890067425285
890067463598
890064071372
890060289191
890069148407
890065810574
890069141016
890060738413
890066520123
890067849342
890061082835
890060545742
890069859335
890065950248
890066654202
890062467857
890068915118
890062231720
890065690267
890069659643
890068210783
890065933016
890064004363
890061370788
890061912853
890062633165
890060515827
890060080159
890064843331
890064153509
890063290647
890069526093
890069155824
890062865805
890063968099
890068816056
890069599561
890063876712
890069659365
890061463436
890069600432
890061830935
890062521109
890067361915
890065974243
890069879624
890064106107
890061302543
890064990655
890063766159
890069299673
890060744900
890063059240
890069651541
890064247998
890060955557
890068573475
890068441096
890069929737
890068513840
890064691361
890066743298
890065521119
890060740642
890065583935
890061859531
890062901806
890063717893
890060442259
890060392659
890060504494
890065213562
890062716088
890068587578
890069700622
890066384328
890064942358
890067969407
890063031872
890061144022
890063864214
890067456379
890064503663
890065839071
890060129433
890064954259
890061546693
890068753638
890065447797
890061000246
890066718362
890063315590
890062435103
890067071530
890065563856
890067473980
890062729975
890064995865
890062002952
890063608698
890065020215
890069634885
890065742945
890067835044
890068383831
890067398982
890060914606
890068270603
890064104356
890060427846
890068713521
890067328512
890063168766
890066656973
890068178752
890063419902
890069541866
890060796078
890063324716
890065771160
890069427229
890064777435
890067350624
890066760163
890061949336
890067291516
890066843531
890061401681
890061745070
890064575960
890069810486
890063869168
890065649689
890069757012
890066828624
890069049420
890068481521
890061859957
890067891363
890065704918
890064354375
890060511854
890066597441
890067491215
890067694879
890068465438
890065533670
890069759800
890061635113
890063998719
890063499577
890064334772
890067143639
890062857378
890066931959
890063213255
890061457873
890066968216
890063257770
890062125872
890066407024
890060890481
890061743338
890060501462
890061781599
890063849068
890068047981
890063874621
890069396499
890068958444
890062588250
890062815884
890061710195
890064499356
890061749454
890064906764
890063510472
890067802802
890066346747
890065915819
890061719132
890064500953
890067698500
890061332340
890066396061
890065961711
890065805824
890069331122
890069790949
890060595891
890062385089
890063625302
890060076107
890061879868
890063683759
890065464112
890069722769
890065580305
890066967176
890066799615
890060802475
890064645823
890066154452
890062731506
890062069658
890064226260
890067925935
890065739680
890069934558
890060369216
890068288101
890069358206
890068691217
890065967888
890068143648
890065565588
890060673267
890067962662
890067047330
890065236932
890061300260
890062302945
890061869802
890064820203
890062889604
890064283134
890063415851
890062567748
890067256104
890067833131
890063413892
890061975686
890062442611
890062133605
890060537974
890062412029
890062999281
890066407092
890069266227
890064407529
890066705720
890061187414
890064285212
890064412032
890061974627
890067309884
890064779971
890068927086
890067378173
890067634230
890068890695
890066987598
890060559594
890067427331
890067580821
890060350659
890065178840
890065762399
890068917724
890063628922
890067234479
890065679316
890067740065
890067207033
890065682347
890068862657
890060656578
890061656521
890067719684
890069670878
890067905194
890062509713
890064464039
890066891159
890068893288
890066796292
890063052313
890061947846
890064766606
890063091375
890068086517
890062266564
890069886946
890069178179
890060800708
890060084284
890062548988
890061170933
890062286685
890062052192
890063777315
890064374576
890061879946
890066734199
890067907957
890068090453
890066613178
890064040150
890066069673
890068119043
890065292334
890069780260
890063596545
890065747545
890061955385
890063599462
890066213842
890060542787
890061343926
890064862447
890068366097
890068504236
890069331285
890067706089
890069171829
890065477405
890062537907
890068172184
890064671061
890069619175
890062580767
890062706689
890061334257
890060033195
890060284572
890067763595
890063987275
890067971926
890068126856
890061719067
890064166232
890068115581
890068207397
890069033142
890066069959
890064996915
890064175186
890064479256
890060134837
890069008431
890060587242
890068830136
890067342827
890063559775
890065166609
890064470138
890062110660
890062556698
890065656751
890068652973
890066329375
890068266383
890060496273
890061324745
890068439303
890064659706
890064891131
890063819393
890060215332
890060687205
890066893640
890063388697
890066009993
890066966249
890068014558
890067505550
890063987466
890064112768
890064275348
890068243009
890064681262
890064149528
890067120923
890065933490
890065965961
890069448376
890061613839
890064467912
890067207495
890069026036
890061765758
890069480609
890063505598
890063447735
890069114576
890069506570
890061867816
890064282979
890069165268
890067604280
890066318477
890063714011
890063962205
890060316910
890068525881
890061551103
890067330328
890067798382
890061519162
890064204899
890067375172
890068362304
890060759109
890060558175
890063085259
890069689302
890067723074
890069355628
890063850228
890061799810
890062389854
890064505033
890069429106
890066242639
890064835847
890066188071
890067044999
890060984403
890060228384
890069606005
890064573268
890063850186
890062640087
890061422381
890065474862
890067977661
890060367381
890062355481
890068712003
890061740570
890062080834
890067937787
890069571816
890062738406
890064004903
890066074713
890061538119
890061407951
890064774655
890061734554
890066381155
890069990467
890067432157
890061263301
890065870516
890060775198
890067100094
890066029381
890063234930
890061175931
890063308738
890068698850
890068267003
890067618461
890069530953
890065886580
890064617038
890069900634
890062085778
890063828547
890061667710
890063069140
890069648185
890061740864
890067419718
890064949741
890065607368
890067801341
890063547677
890063710853
890067413306
890068290973
890065628485
890069926104
890068506765
890067607803
890065596387
890065144621
890069678660
890064835970
890063916061
890069218676
890069620731
890065885241
890061880971
890068855278
890062776301
890065690685
890061862214
890066658260
890065681640
890068656558
890068641988
890060952645
890061437042
890064667800
890063624566
890068890158
890060517570
890065675846
890063795425
890064398717
890061461003
890062191867
890063972383
890062021098
890060538654
890064176656
890065161317
890069741463
890063953345
890064156260
890063506181
890060621896
890063292510
890060838188
890060860821
890066769082
890069001507
890064485769
890067079102
890061319205
890061204822
890064198998
890062478993
890060061549
890060794159
890064764201
890065991147
890067104956
890060516782
890067473713
890068529352
890067737223
890060204054
890066878504
890063405744
890064961629
890067145824
890061018414
890063591222
890064298694
890064908704
890060600030
890064269391
890068594067
890066210751
890063883064
890065789106
890064464620
890063929170
890062516122
890060036275
890061497329
890067368392
890068988427
890065968783
890068883895
890060733156
890066617874
890062640303
890067436937
890065194816
890068466466
890063423425
890062140643
890064936245
890065334572
890065584913
890064091512
890064371830
890063751576
890065509539
890066221289
890069889088
890068142961
890061804999
890065391168
890066745582
890067277788
890064783638
890063344888
890062444535
890061647965
890064598196
890062297720
890062032178
890069694167
890065725987
890068180672
890066764135
890069317568
890066609865
890067113449
890060495993
890067007038
890065476192
890062568540
890068144366
890065350637
890068691441
890064099285
890068597481
890069645446
890060474441
890062406531
890062007491
890060981054
890064764144
890066448912
890069229357
890069781096
890068832304
890069722786
890067998471
890065113782
890063132602
890064276501
890062243285
890064452098
890068561965
890067371344
890066392807
890069372461
890069510928
890069859092
890064193261
890064935489
890064897245
890060500240
890065493172
890067744325
890069497157
890060990986
890069617557
890065625114
890062178871
890069439308
890066602442
890060195796
890068097007
890060889889
890065185725
890062459358
890065770194
890060437225
890062992652
890068245715
890061378004
890068666243
890061544187
890062556407
890062999518
890066309675
890069457569
890068774792
890060866077
890066746427
890061219176
890065371147
890068911030
890060730152
890069373546
890066798575
890066680477
890068404358
890065150824
890069850202
890063467116
890064196292
890062857343
890061121287
890068270487
890069200976
890069946306
890065521420
890069707640
890061760725
890066653758
890067358463
890069757414
890069806903
890062917955
890064011452
890062792302
890063021663
890066335951
890063247775
890060237365
890062329391
890064927227
890063203782
890067567423
890061381187
890061499901
890062576767
890069904869
890060153230
890061285680
890063409584
890061031157
890062871882
890065415352
890069534794
890068840875
890064693402
890068381489
890063840814
890065257118
890067617038
890066946824
890069786199
890065326571
890060338798
890061215534
890061908707
890061285329
890061420399
890068405653
890068483293
890067743812
890067678735
890064236651
890067498390
890061285792
890063838554
890064756241
890062342760
890064857048
890068960459
890063117172
890069188177
890069650347
890063767108
890067073206
890061608292
890068577235
890065415205
890063677107
890062298624
890066770128
890069980344
890065824755
890067278886
890069384928
890065868921
890060797353
890064616227
890060883068
890060929587
890066864882
890069858462
890069499404
890064100304
890067969412
890069013118
890063960537
890067879584
890065430756
890064415802
890066562303
890064639340
890066067372
890060024448
890062293809
890061069821
890068332566
890068368112
890060583542
890069055728
890062069584
890063471753
890069148041
890066997436
890063808563
890066082399
890068110657
890068409573
890065165014
890064116152
890063358309
890062676510
890065086251
890069319152
890066296200
890065076453
890060202078
890066581674
890064594806
890069454570
890065895173
890065553464
890064922647
890062761128
890069533585
890064454685
890064205945
890063235836
890066786758
890065679193
890068660994
890063987053
890060951654
890061896864
890063240804
890062249190
890063959232
890060864301
890069463540
890066385903
890064450931
890069397117
890068551795
890063662121
890069275088
890063375235
890068677441
890065676069
890067606226
890069722515
890066068506
890067495481
890060907977
890060635996
890063366327
890067429817
890066754651
890068563320
890068774349
890069707768
890064407931
890065373417
890064851454
890067907162
890067297444
890065531554
890061465315
890063592462
890064623917
890060466785
890062064705
890069561390
890062542738
890063450480
890066017032
890062150592
890061113431
890060009271
890065912756
890063428708
890066635630
890067992671
890066318561
890067497436
890067621805
890064902744
890060116555
890068635734
890061783121
890069992927
890069957554
890063536019
890064944074
890065126666
890061226305
890064916338
890060292317
890069827950
890065735296
890061754547
890061492697
890065699215
890063772446
890061521915
890061459781
890062060070
890067050432
890060230007
890067866781
890061274988
890068656319
890069291242
890068241069
890062003366
890067179667
890069654754
890068668346
890062767270
890066572617
890067588594
890066093351
890062236683
890062826526
890060271383
890061383921
890061025400
890068325629
890062881190
890064697906
890062269578
890063134894
890068412056
890063424079
890066279004
890066243220
890062659881
890060503065
890063214242
890062284497
890064706165
890064976856
890067493627
890060274786
890064470463
890064378594
890063961878
890062931215
890065851811
890068760774
890062263580
890062982573
890062947273
890060869595
890063993498
890069204484
890062578101
890064340715
890063834251
890060942663
890067084650
890066107547
890063762719
890067318533
890063487112
890069242035
890066432531
890060618022
890066132937
890060941784
890062327315
890060680582
890063485928
890065058559
890064081219
890060545777
890066877551
890068728073
890062843443
890064980673
890061238358
890068791641
890069024709
890062754718
890065879651
890060457683
890063873489
890065062135
890064682685
890062065213
890064747000
890066628442
890062825444
890060380978
890063886079
890063587205
890064298075
890066269164
890064493851
890062221106
890064714665
890069711059
890064744207
890064846945
890061973635
890066411983
890069149332
890068204193
890065455441
890060442074
890061539449
890065107627
890065300792
890062045592
890063131626
890066259787
890067662598
890063623176
890068635250
890066940871
890062936745
890065996366
890062257380
890062939575
890067515450
890062320867
890066121304
890063039032
890065362098
890069783838
890060252423
890064130213
890060727075
890064099461
890067719590
890068543944
890061803298
890062375427
890065919801
890069225688
890062282716
890063792895
890062005685
890065322023
890064832051
890068191635
890062388773
890065086482
890069252484
890060437168
890064198919
890069904401
890063112536
890065797512
890061714408
890062424337
890068353748
890061213501
890063069095
890061486835
890060237547
890064836787
890065543080
890065621388
890065598492
890065878692
890068628258
890066427824
890060104495
890064237263
890064755520
890068474201
890060104434
890065559316
890066358976
890060264866
890060019054
890064805925
890069139511
890062114943
890062258261
890065127646
890069393664
890061139821
890066107036
890066033878
890066981309
890062156040
890068876521
890068019695
890063779984
890067266482
890066665431
890069531900
890061733930
890064250196
890066305977
890063431573
890063332789
890069547865
890068581583
890062853179
890063962091
890060143451
890067751867
890064399028
890066396627
890069746222
890065726345
890061533368
890065846399
890065055555
890064469687
890067783999
890060854921
890062331764
890062359077
890064987675
890063020772
890069861032
890060728454
890064344938
890064730403
890065732749
890065961637
890063552110
890067255568
890064565973
890060653487
890067303216
890065276991
890068315345
890063156292
890066357354
890066039853
890064399523
890062319725
890063528391
890062743942
890065113850
890069744528
890067853544
890067513165
890067301616
890065482853
890062831012
890061999685
890062575480
890063330520
890063433471
890067473999
890069913220
890067514390
890068638654
890066465417
890061186600
890067716178
890069971616
890060022844
890067515384
890066112678
890064728212
890061746970
890067992732
890060451165
890061284884
890065441116
890061694040
890068358061
890063243503
890064025864
890069733605
890060753682
890066001819
890060199891
890061982161
890065930407
890065212720
890063900961
890068890905
890063357890
890061510149
890064765731
890064452460
890069819739
890066943967
890068488503
890067191072
890065350689
890066458146
890065436270
890067408977
890068419893
890064578402
890065390777
890069829734
890069277375
890066823437
890063667727
890060165100
890066612109
890060504979
890067719193
890063438852
890065520635
890062617422
890062289933
890066789510
890065179575
890067644093
890064737633
890067708609
890062654476
890067199830
890066659098
890063779901
890066925331
890064715166
890068891955
890064783196
890063335761
890065266560